#   node  parent    dia       xbio       ybio      zbio      region   dendr
#
     0        0     3.961     0          0         0         SOMA      0
     1        0     4.026     -0.196     1.211     0.025     SOMA      0
     2        1     4.099     -0.2835    1.982     0.175     SOMA      0
     3        2     3.794     -0.334     2.718     0.45      SOMA      0
     4        3     3.286     -0.3115    3.381     0.95      SOMA      0
     5        4     2.879     -0.1625    3.973     1.4       SOMA      0
     6        5     2.491     -0.0145    4.477     1.72      SOMA      0
     7        6     2.061     0.0845     4.94      2.17      SOMA      0
     8        7     1.815     0.251      5.498     2.67      SOMA      0
     9        8     1.475     0.376      5.957     3.05      SOMA      0
    10        9     1.082     0.3885     6.557     3.6       DENDP      0
    11       10     1.131     0.4135     7.157     4.15      DENDP      0
    12       11     0.8991    0.3425     7.498     4.4       DENDP      0
    13       12     0.75      0.0885     8.112     4.6       DENDP      0
    14       13     0.725     -0.0035    8.609     4.92      DENDP      0
    15       14     0.8       -0.0135    8.975     5         DENDP      0
    16       15     0.8973    0.2905     9.524     5.25      DENDP      0
    17       16     1.174     0.246      10.02     5.55      DENDP      0
    18       17     1.088     0.0785     10.36     5.6       DENDP      0
    19       18     1.046     -0.0495    10.5      5.7       DENDP      0
    20       19     0.9806    -0.2525    10.72     5.7       DENDP      0
    21       20     0.9199    -0.5785    11.04     6         DENDP      0
    22       21     1.074     -0.766     11.33     6         DENDP      0
    23       22     0.8634    -0.891     11.61     6         DENDP      0
    24       23     0.9014    -1.016     11.97     6         DENDP      0
    25       24     0.6       -1.136     12.33     5.65      DENDP      0
    26       25     0.6466    -1.289     12.66     5.6       DENDP      0
    27       26     0.6888    -1.569     12.94     5.4       DENDP      0
    28       27     0.7158    -1.724     13.14     5.35      DENDP      0
    29       28     0.65      -2.047     13.51     5.3       DENDP      0
    30       29     1.225     -2.254     13.95     5.25      DENDP      0
    31       30     1.309     -2.532     14.48     5.25      DENDP      0
    32       31     1.025     -3.003     14.89     5.25      DENDP      0
    33       32     0.5919    -3.346     15.27     5.25      DENDP      0
    34       33     0.425     -3.566     15.48     5.25      DENDP      0
    35       34     0.2       -4.038     15.71     5.25      DENDP      0
    36       35     0.25      -4.467     16.03     5.25      DENDP      0
    37       36     0.2395    -4.876     16.33     5.25      DENDP      0
    38       37     0.2       -5.053     16.83     5.3       DENDP      0
    39       38     0.2742    -5.303     17.26     5.3       DENDP      0
    40       39     0.3131    -5.462     17.71     5.45      DENDP      0
    41       40     0.3       -5.563     17.9      5.5       DENDP      0
    42       41     0.3       -5.704     18.37     5.65      DENDP      0
    43       42     0.625     -5.716     18.85     5.85      DENDP      0
    44       43     0.5       -5.99      19.26     5.9       DENDP      0
    45       44     0.2       -6.755     19.5      6         DENDP      0
    46       45     0.3       -7.214     19.41     6.05      DENDP      0
    47       46     0.3       -7.663     19.41     6.05      DENDP      0
    48       47     0.25      -8.133     19.48     6.05      DENDP      0
    49       48     0.2072    -8.56      19.72     5.95      DENDP      0
    50       49     0.4       -8.89      20.12     5.85      DENDP      0
    51       50     0.3       -9.181     20.5      5.85      DENDP      0
    52       51     0.2       -9.549     20.84     5.85      DENDP      0
    53       52     0.3       -9.971     21.1      5.85      DENDP      0
    54       53     0.575     -10.39     21.13     5.85      DENDP      0
    55       54     0.8       -10.83     21.32     5.85      DENDP      0
    56       55     0.775     -11.13     21.47     5.85      DENDP      0
    57       56     0.8306    -11.31     21.78     5.85      DENDP      0
    58       57     0.2       -11.53     22.12     5.85      DENDP      0
    59       58     0.2       -11.78     22.56     5.85      DENDP      0
    60       59     0.2       -12.13     22.87     5.65      DENDP      0
    61       60     0.1       -12.51     23.16     5.55      DENDP      0
    62       61     0.15      -12.82     23.54     5.45      DENDP      0
    63       62     0.1       -13.11     23.9      5.25      DENDP      0
    64       63     0.25      -13.35     24.29     5.05      DENDP      0
    65       64     0.2       -13.6      24.69     4.9       DENDP      0
    66       65     0.15      -13.82     25.1      4.75      DENDP      0
    67       66     0.25      -14.1      25.5      4.6       DENDP      0
    68       67     0.2       -14.32     25.92     4.5       DENDP      0
    69       68     0.15      -14.5      26.38     4.5       DENDP      0
    70       69     0.15      -14.52     26.88     4.5       DENDP      0
    71       70     0.2       -14.36     27.32     4.65      DENDP      0
    72       71     0.1       -14.08     27.73     4.75      DENDP      0
    73       72     0.1       -13.95     28.16     5.05      DENDP      0
    74       73     0.1397    -14.23     28.34     5.22      DENDP      0
    75       74     0.1258    -14.6      28.53     5.4       DENDP      0
    76       75     0.5197    -14.97     28.25     5.46      DENDP      0
    77       76     0.4597    -14.9      28        5.61      DENDP      0
    78       77     0.1       -14.85     27.82     5.68      DENDP      0
    79       78     0.1       -15.01     27.65     6.09      DENDD      0
    80       79     0.1       -15.09     27.4      6.3       DENDD      0
    81       80     0.15      -15.37     27.1      6.45      DENDD      0
    82       81     0.1       -15.78     27.26     6.6       DENDD      0
    83       82     0.1       -16.03     27.13     6.62      DENDD      0
    84       83     0.15      -16.28     26.83     6.65      DENDD      0
    85       84     0.15      -16.75     26.68     6.7       DENDD      0
    86       85     0.4007    -17.07     26.64     6.75      DENDD      0
    87       86     0.3039    -17.46     26.43     6.95      DENDD      0
    88       87     0.1       -17.85     26.32     7.3       DENDD      0
    89       88     0.1       -18.14     26.18     7.64      DENDD      0
    90       89     0.1       -18.34     25.91     8.01      DENDD      0
    91       90     0.15      -18.69     25.74     8.3       DENDD      0
    92       91     0.15      -18.93     25.97     8.65      DENDD      0
    93       92     0.1       -19.21     26.18     8.9       DENDD      0
    94       93     0.09293   -19.52     26.25     9.05      DENDD      0
    95       56     0.2708    -11.22     21.43     6.47      DENDP      0
    96       95     0.2104    -11.4      21.37     6.54      DENDD      0
    97       96     0.15      -11.58     21.3      6.6       DENDD      0
    98       97     0.25      -11.94     21.08     6.8       DENDD      0
    99       98     0.2       -12.36     20.93     7         DENDD      0
   100       99     0.2       -12.76     20.98     7.2       DENDD      0
   101      100     0.375     -13.22     20.98     7.55      DENDD      0
   102      101     0.2       -13.14     21.22     7.7       DENDD      0
   103      102     0.05      -13.06     21.43     7.75      DENDD      0
   104      103     0.1       -12.85     21.61     7.75      DENDD      0
   105      104     0.15      -12.46     21.59     7.65      DENDD      0
   106      105     0.175     -12.38     21.43     7.65      DENDD      0
   107      106     0.1       -12.43     21.18     7.65      DENDD      0
   108       56     0.15      -11.21     21.89     6.3       DENDP      0
   109      108     0.15      -11.37     22.13     6.7       DENDD      0
   110      109     0.09448   -11.45     22.45     7.03      DENDD      0
   111      110     0.1071    -11.47     22.66     7.35      DENDD      0
   112      111     0.1036    -11.69     22.97     7.4       DENDD      0
   113      112     0.1       -11.71     23.26     7.51      DENDD      0
   114      113     0.05      -11.63     23.57     7.77      DENDD      0
   115      114     0.1211    -12        23.72     7.99      DENDD      0
   116      115     0.1       -12.58     23.92     8.25      DENDD      0
   117      116     0.125     -12.74     23.68     8.46      DENDD      0
   118      117     0.15      -12.89     23.48     8.65      DENDD      0
   119      118     0.35      -12.66     23.31     9         DENDD      0
   120      119     0.15      -12.16     23.43     9.27      DENDD      0
   121      113     0.2       -11.61     23.45     7.45      DENDD      0
   122      121     0.05      -11.17     23.32     7.5       DENDD      0
   123      122     0.1       -10.77     23.1      7.65      DENDD      0
   124       96     0.15      -11.16     21.32     6.9       DENDP      0
   125      124     0.15      -11.05     21.3      7.05      DENDP      0
   126      125     0.175     -10.94     21.27     7.1       DENDP      0
   127      126     0.125     -11        21.49     7.52      DENDP      0
   128      127     0.15      -11.06     21.74     7.45      DENDP      0
   129       46     0.2711    -7.302     19.16     6.35      DENDP      0
   130      129     0.15      -7.485     19.01     6.7       DENDP      0
   131      130     0.125     -7.094     18.84     6.77      DENDP      0
   132      131     0.1796    -6.843     18.74     6.85      DENDP      0
   133      132     0.175     -6.821     18.42     6.9       DENDP      0
   134      133     0.15      -6.958     18.07     6.95      DENDP      0
   135      134     0.175     -7.146     17.81     6.95      DENDP      0
   136      135     0.2       -7.485     17.66     6.95      DENDP      0
   137       44     0.3226    -5.536     19.54     5.97      DENDP      0
   138      137     0.08873   -5.166     19.78     6.05      DENDP      0
   139      138     0.25      -4.752     20.08     6.1       DENDP      0
   140      139     0.15      -4.367     20.22     6.35      DENDP      0
   141      140     0.1797    -4.2       20.37     6.51      DENDP      0
   142      141     0.2396    -4.092     20.18     6.67      DENDP      0
   143      142     0.15      -4.158     19.97     6.7       DENDP      0
   144      143     0.05      -4.25      19.84     6.88      DENDP      0
   145      144     0.15      -4.259     19.6      6.9       DENDP      0
   146      145     0.15      -4.235     19.37     6.88      DENDP      0
   147      146     0.15      -4.411     19.05     6.85      DENDP      0
   148      147     0.225     -4.337     18.83     6.75      DENDP      0
   149      148     0.3       -4.213     18.59     6.65      DENDP      0
   150      149     0.3       -3.922     18.32     6.35      DENDP      0
   151      150     0.05      -3.589     18.11     6.45      DENDP      0
   152       31     0.7303    -2.253     14.89     5.3       DENDP      0
   153      152     0.7544    -2.028     15.32     5.2       DENDP      0
   154      153     0.4773    -1.868     15.65     4.9       DENDP      0
   155      154     0.35      -1.766     15.77     4.85      DENDP      0
   156      155     0.3       -1.565     16.11     4.55      DENDP      0
   157      156     0.25      -1.487     16.47     4.25      DENDP      0
   158      157     0.25      -1.396     16.91     4.05      DENDP      0
   159      158     0.25      -1.397     17.34     3.95      DENDP      0
   160      159     0.2882    -1.401     17.83     3.85      DENDP      0
   161      160     0.3079    -1.432     18.31     3.75      DENDP      0
   162      161     0.3439    -1.692     18.65     3.7       DENDP      0
   163      162     0.45      -1.919     19.09     3.6       DENDP      0
   164      163     0.6168    -2.009     19.57     3.5       DENDP      0
   165      164     0.7045    -2.211     20.01     3.46      DENDP      0
   166      165     0.7       -2.3       20.5      3.45      DENDP      0
   167      166     0.5365    -2.17      20.99     3.51      DENDP      0
   168      167     0.4319    -1.827     21.31     3.45      DENDP      0
   169      168     0.275     -1.725     21.61     3.32      DENDP      0
   170      169     0.25      -1.714     21.99     3.1       DENDP      0
   171      170     0.1845    -1.936     22.36     2.9       DENDP      0
   172      171     0.25      -2.273     22.7      2.6       DENDP      0
   173      172     0.25      -2.701     22.96     2.45      DENDP      0
   174      173     0.4137    -3.026     23.34     2.3       DENDP      0
   175      174     0.6312    -3.176     23.64     2.16      DENDP      0
   176      175     0.4246    -3.114     23.88     2.09      DENDP      0
   177      176     0.2887    -3.119     24.19     2.05      DENDP      0
   178      177     0.4428    -3.14      24.68     2.06      DENDP      0
   179      178     0.3127    -3.282     24.95     2.2       DENDP      0
   180      179     0.2954    -3.309     25.35     2.35      DENDP      0
   181      180     0.3169    -3.377     25.73     2.61      DENDP      0
   182      181     0.3284    -3.39      26.03     2.72      DENDP      0
   183      182     0.2183    -3.477     26.4      2.8       DENDP      0
   184      183     0.15      -3.303     26.73     2.84      DENDP      0
   185      184     0.15      -3.005     27.22     2.82      DENDP      0
   186      185     0.175     -2.809     27.65     2.72      DENDP      0
   187      186     0.175     -2.529     28.04     2.55      DENDP      0
   188      187     0.2       -2.189     28.34     2.35      DENDP      0
   189      188     0.4       -1.795     28.63     2.25      DENDP      0
   190      189     0.3964    -1.462     28.96     2.2       DENDP      0
   191      190     0.625     -0.987     29.1      2.2       DENDP      0
   192      191     0.5083    -0.5095    29.22     2.2       DENDP      0
   193      192     0.575     -0.1325    29.62     2.32      DENDP      0
   194      193     0.2723    -0.282     30.11     2.17      DENDP      0
   195      194     0.1551    -0.556     30.6      2.05      DENDP      0
   196      195     0.15      -0.7225    31.03     1.9       DENDP      0
   197      196     0.225     -0.866     31.47     1.7       DENDP      0
   198      197     0.325     -0.94      31.71     1.7       DENDP      0
   199      198     0.15      -1.107     32.03     1.5       DENDP      0
   200      199     0.15      -1.362     32.16     1.45      DENDP      0
   201      200     0.15      -1.798     32.32     1.3       DENDP      0
   202      201     0.175     -2.196     32.43     1.02      DENDP      0
   203      202     0.325     -2.553     32.67     0.893     DENDP      0
   204      203     0.2       -2.685     32.92     0.944     DENDP      0
   205      204     0.275     -2.767     33.4      0.993     DENDP      0
   206      205     0.2       -2.676     33.88     0.95      DENDP      0
   207      206     0.2       -2.517     34.34     1.01      DENDP      0
   208      207     0.1       -2.459     34.85     0.975     DENDP      0
   209      208     0.1505    -2.477     35.17     0.95      DENDP      0
   210      209     0.1495    -2.439     35.44     0.915     DENDP      0
   211      210     0.425     -2.477     35.74     0.946     DENDP      0
   212      211     0.65      -2.635     36.05     0.808     DENDP      0
   213      212     0.675     -2.656     36.27     0.671     DENDP      0
   214      213     0.55      -2.996     36.45     0.447     DENDP      0
   215      214     0.3423    -3.185     36.63     0.212     DENDP      0
   216      215     0.252     -3.586     36.89     -0.0165     DENDP      0
   217      216     0.15      -3.977     37.13     -0.25     DENDD      0
   218      217     0.1479    -4.325     37.45     -0.396     DENDP      0
   219      218     0.1945    -4.529     37.91     -0.621     DENDP      0
   220      219     0.375     -4.591     38.4      -0.392     DENDP      0
   221      220     0.3       -4.605     38.77     -0.021     DENDP      0
   222      221     0.2       -4.669     39.05     0.4       DENDP      0
   223      222     0.15      -4.764     39.34     0.75      DENDP      0
   224      223     0.15      -4.746     39.68     1.15      DENDP      0
   225      224     0.15      -4.606     39.97     1.5       DENDP      0
   226      225     0.2       -4.422     40.32     1.8       DENDP      0
   227      226     0.25      -4.295     40.7      2.1       DENDP      0
   228      227     0.15      -4.374     41.13     2.3       DENDP      0
   229      228     0.15      -4.605     41.57     2.35      DENDP      0
   230      229     0.15      -5.03      41.78     2.45      DENDP      0
   231      230     0.2       -5.332     42.16     2.45      DENDP      0
   232      231     0.301     -5.597     42.62     2.35      DENDP      0
   233      232     0.5723    -5.799     42.84     2.25      DENDP      0
   234      233     0.764     -5.828     43.1      2.21      DENDP      0
   235      234     0.6827    -5.707     43.35     2.17      DENDP      0
   236      235     0.4617    -5.561     43.45     2.14      DENDP      0
   237      236     0.3726    -5.164     43.54     2.1       DENDP      0
   238      237     0.1       -4.823     43.67     2.15      DENDP      0
   239      238     0.1       -4.308     43.79     2.3       DENDP      0
   240      239     0.05      -3.846     43.86     2.5       DENDP      0
   241      240     0.15      -3.425     43.99     2.7       DENDP      0
   242      241     0.15      -2.971     44.03     2.85      DENDP      0
   243      242     0.15      -2.483     44.03     2.95      DENDP      0
   244      243     0.1       -1.994     44.03     3.05      DENDP      0
   245      244     0.1       -1.88      44.03     3.05      DENDP      0
   246      245     0.1       -1.404     44.03     2.9       DENDP      0
   247      246     0.15      -0.9155    44.03     2.8       DENDP      0
   248      247     0.15      -0.4315    44.03     2.7       DENDP      0
   249      248     0.05      0.068      44.03     2.7       DENDP      0
   250      249     0.15      0.568      44.03     2.7       DENDP      0
   251      250     0.25      1.063      43.97     2.7       DENDP      0
   252      251     0.05      1.392      43.69     2.9       DENDP      0
   253      252     0.15      1.535      43.38     3.25      DENDP      0
   254      253     0.1       1.902      43.09     3.35      DENDP      0
   255      254     0.05      1.795      42.84     3.7       DENDP      0
   256      244     0.15      -1.807     44.25     3.1       DENDP      0
   257      256     0.1       -2.019     44.64     3.25      DENDP      0
   258      257     0.05      -1.795     45.03     3.1       DENDP      0
   259      212     0.126     -2.218     36.67     0.525     DENDP      0
   260      259     0.1917    -1.737     36.75     0.541     DENDD      0
   261      260     0.225     -1.197     36.93     0.691     DENDD      0
   262      261     0.275     -1.008     37        0.821     DENDD      0
   263      262     0.2       -0.2355    36.88     0.966     DENDD      0
   264      263     0.2       0.2115     36.86     1.15      DENDD      0
   265      264     0.1       0.5965     36.86     1.5       DENDD      0
   266      265     0.05      0.7715     36.86     1.65      DENDD      0
   267      266     0.1       1.119      36.86     2         DENDD      0
   268      267     0.15      1.443      36.86     2.4       DENDD      0
   269      268     0.2       1.604      36.86     2.85      DENDD      0
   270      269     0.25      1.676      36.85     3.35      DENDD      0
   271      270     0.15      1.8        36.85     3.85      DENDD      0
   272      271     0.2       1.866      36.84     4.35      DENDD      0
   273      272     0.05      1.989      36.79     4.8       DENDD      0
   274      273     0.1       2.001      36.54     5.25      DENDD      0
   275      274     0.15      2.052      36.3      5.65      DENDD      0
   276      275     0.05      2.393      36.06     5.85      DENDD      0
   277      265     0.1       0.66       36.92     1.5       DENDD      0
   278      277     0.05      0.9855     37.08     1.7       DENDD      0
   279      278     0.25      1.288      37.22     2.05      DENDD      0
   280      279     0.05      1.581      37.58     2.25      DENDD      0
   281      280     0.15      1.979      37.86     2.3       DENDD      0
   282      281     0.1       2.393      38.05     2.5       DENDD      0
   283      212     0.1       -2.369     36.33     1.22      DENDP      0
   284      283     0.1       -2.333     36.41     1.47      DENDP      0
   285      284     0.1       -2.297     36.31     1.75      DENDP      0
   286      285     0.2       -2.325     36.35     1.99      DENDP      0
   287      286     0.15      -2.328     36.58     2.14      DENDP      0
   288      287     0.15      -2.333     36.79     2.34      DENDD      0
   289      288     0.25      -2.365     37.07     2.75      DENDD      0
   290      289     0.1       -2.119     37.27     3.2       DENDD      0
   291      290     0.15      -2.476     37.4      3.55      DENDD      0
   292      291     0.1       -2.898     37.48     3.8       DENDD      0
   293      292     0.05      -3.28      37.7      4.1       DENDD      0
   294      293     0.1       -3.557     37.88     4.43      DENDD      0
   295      294     0.1       -3.984     38.2      4.34      DENDD      0
   296      295     0.15      -4.083     38.46     4.34      DENDD      0
   297      296     0.1       -4.181     38.57     4.55      DENDD      0
   298      297     0.075     -4.234     38.75     4.78      DENDD      0
   299      298     0.05      -4.288     38.66     5.05      DENDD      0
   300      198     0.125     -0.829     31.82     1.8       DENDP      0
   301      300     0.175     -0.594     31.88     1.85      DENDP      0
   302      301     0.175     -0.3515    31.94     1.85      DENDP      0
   303      302     0.1       -0.0845    31.82     1.85      DENDP      0
   304      303     0.1274    0.3185     31.58     1.7       DENDP      0
   305      304     0.1       0.798      31.47     1.7       DENDP      0
   306      193     0.275     0.3375     29.77     2.35      DENDP      0
   307      306     0.2       0.704      30.02     2.5       DENDD      0
   308      307     0.2       1.149      30.24     2.55      DENDD      0
   309      308     0.15      1.552      30.27     2.85      DENDD      0
   310      309     0.1       1.896      30.24     3.2       DENDD      0
   311      310     0.15      2.176      30.12     3.6       DENDD      0
   312      311     0.15      2.356      29.85     3.95      DENDD      0
   313      312     0.15      2.646      29.56     4.25      DENDD      0
   314      313     0.15      2.819      29.43     4.38      DENDD      0
   315      314     0.15      2.991      29.3      4.5       DENDD      0
   316      315     0.15      3.135      29.2      4.5       DENDD      0
   317      316     0.25      3.571      29.03     4.7       DENDD      0
   318      317     0.3       4.012      28.9      4.85      DENDD      0
   319      318     0.1678    4.464      28.8      5.05      DENDD      0
   320      319     0.194     4.973      28.95     5.1       DENDD      0
   321      320     0.1459    5.393      29.16     5.1       DENDD      0
   322      321     0.175     5.736      29.51     5.1       DENDD      0
   323      322     0.1926    5.791      29.98     5.09      DENDD      0
   324      323     0.15      5.765      30.22     4.9       DENDD      0
   325      324     0.3461    5.762      30.7      4.8       DENDD      0
   326      325     0.25      5.55       31.16     4.7       DENDD      0
   327      326     0.15      5.362      31.54     4.7       DENDD      0
   328      327     0.175     5.474      31.77     4.7       DENDD      0
   329      328     0.05      4.986      31.98     4.75      DENDD      0
   330      322     0.1       6.171      29.53     4.94      DENDD      0
   331      330     0.05      6.412      29.31     4.75      DENDD      0
   332      331     0.05      6.581      29.28     4.45      DENDD      0
   333      315     0.15      3.024      28.98     4.85      DENDD      0
   334      333     0.1       3.149      28.88     5.3       DENDD      0
   335      334     0.05      3.017      28.89     5.75      DENDD      0
   336      335     0.1       2.647      28.93     6.1       DENDD      0
   337      336     0.15      2.523      29.16     6.33      DENDD      0
   338      337     0.1       2.399      29.07     6.54      DENDD      0
   339      338     0.15      2.124      29.08     6.95      DENDD      0
   340      339     0.05      1.787      29.08     7.3       DENDD      0
   341      340     0.2       1.466      29.07     7.7       DENDD      0
   342      341     0.2       1.276      29.09     8.15      DENDD      0
   343      342     0.2       1.017      28.97     8.55      DENDD      0
   344      343     0.05      0.8145     28.76     8.95      DENDD      0
   345      344     0.1       0.6255     28.44     9.25      DENDD      0
   346      345     0.1       0.3825     28.04     9.4       DENDD      0
   347      346     0.05      0.2175     27.69     9.7       DENDD      0
   348      347     0.05      0.221      27.69     9.7       DENDP      0
   349      348     0.1       0.194      27.58     10.2      DENDD      0
   350      349     0.05      0.0155     27.41     10.6      DENDD      0
   351      350     0.1       -0.087     27.07     10.9      DENDD      0
   352      351     0.15      0.236      26.92     11.2      DENDD      0
   353      352     0.15      0.5985     27.08     11.4      DENDD      0
   354      347     0.1       0.155      28.03     10        DENDD      0
   355      354     0.05      -0.024     28.42     10.2      DENDD      0
   356      355     0.15      -0.199     28.88     10.2      DENDD      0
   357      167     0.3       -2.644     21.38     3.55      DENDP      0
   358      357     0.1947    -3.076     21.5      3.5       DENDP      0
   359      358     0.2       -3.534     21.67     3.45      DENDP      0
   360      359     0.15      -3.903     21.98     3.35      DENDP      0
   361      360     0.15      -4.324     22.23     3.3       DENDP      0
   362      361     0.15      -4.75      22.49     3.3       DENDP      0
   363      362     0.2       -5.124     22.82     3.25      DENDP      0
   364      363     0.15      -5.5       23.15     3.25      DENDP      0
   365      364     0.15      -5.936     23.33     3.1       DENDP      0
   366      365     0.15      -6.408     23.49     3.1       DENDP      0
   367      366     0.15      -6.894     23.59     3.1       DENDP      0
   368      367     0.125     -7.371     23.73     3.15      DENDP      0
   369      368     0.15      -7.705     23.83     3.35      DENDD      0
   370      369     0.15      -7.995     24.04     3.65      DENDD      0
   371      370     0.1       -8.153     24.25     4.1       DENDD      0
   372      371     0.15      -8.216     24.46     4.55      DENDD      0
   373      372     0.2       -8.117     24.67     5         DENDD      0
   374      373     0.25      -7.916     25.15     5.3       DENDD      0
   375      374     0.325     -7.499     25.31     5.47      DENDD      0
   376      375     0.225     -7.291     25.29     5.83      DENDD      0
   377      376     0.4058    -7.292     25.11     6.14      DENDD      0
   378      377     0.2       -7.27      25.24     6.37      DENDD      0
   379      378     0.125     -7.474     25.25     6.61      DENDD      0
   380      379     0.15      -7.728     25.26     6.75      DENDD      0
   381      380     0.15      -8.099     25.14     7.1       DENDD      0
   382      381     0.15      -8.105     25.14     7.1       DENDD      0
   383      382     0.1055    -8.117     25.18     7.42      DENDD      0
   384      383     0.4       -8.129     25.23     7.64      DENDD      0
   385      384     0.3522    -8.043     25.28     7.83      DENDD      0
   386      385     0.2       -7.956     25.34     8.05      DENDD      0
   387      386     0.15      -7.896     25.41     8.2       DENDD      0
   388      387     0.1       -7.555     25.49     8.55      DENDD      0
   389      388     0.1112    -7.183     25.35     8.96      DENDD      0
   390      389     0.15      -6.89      25.78     9.1       DENDD      0
   391      390     0.15      -6.76      26.1      9.45      DENDD      0
   392      391     0.15      -6.744     26.15     9.6       DENDD      0
   393      392     0.15      -6.703     26.49     9.9       DENDD      0
   394      393     0.15      -6.781     26.88     10.2      DENDD      0
   395      394     0.1       -6.789     27.31     10.4      DENDD      0
   396      395     0.1       -6.866     27.7      10.7      DENDD      0
   397      396     0.15      -6.612     27.9      11.1      DENDD      0
   398      397     0.15      -6.266     28.16     11.2      DENDD      0
   399      398     0.15      -5.936     28.53     11.3      DENDD      0
   400      399     0.1       -5.599     28.83     11.5      DENDD      0
   401      400     0.05      -5.185     28.68     11.7      DENDD      0
   402      391     0.1       -6.827     26.1      9.5       DENDD      0
   403      402     0.1       -7.08      25.96     9.84      DENDD      0
   404      403     0.2       -7.254     25.65     10.2      DENDD      0
   405      404     0.1167    -7.591     25.51     10.5      DENDD      0
   406      405     0.125     -7.681     25.83     10.7      DENDD      0
   407      406     0.1       -7.67      25.85     11        DENDD      0
   408      407     0.1       -7.724     26.17     11        DENDD      0
   409      408     0.125     -7.777     26.45     11.1      DENDD      0
   410      381     0.15      -8.101     25.14     7.1       DENDD      0
   411      410     0.15      -8.516     25.06     7.35      DENDD      0
   412      411     0.2       -8.96      24.94     7.55      DENDD      0
   413      412     0.05      -9.352     25.06     7.8       DENDD      0
   414      413     0.2       -9.771     25.09     8.05      DENDD      0
   415      368     0.1       -7.545     23.7      2.9       DENDD      0
   416      415     0.15      -7.87      23.91     2.65      DENDD      0
   417      416     0.15      -7.93      24.31     2.35      DENDD      0
   418      417     0.08997   -7.702     24.76     2.25      DENDD      0
   419      418     0.25      -7.392     24.97     1.9       DENDD      0
   420      419     0.15      -7.217     25.38     1.67      DENDD      0
   421      420     0.1       -7.259     25.7      1.46      DENDD      0
   422      421     0.05      -7.301     25.6      1.2       DENDD      0
   423      422     0.05      -7.577     25.71     0.887     DENDD      0
   424      368     0.05      -7.405     23.44     3.3       DENDD      0
   425      424     0.1       -7.689     23.06     3.4       DENDD      0
   426      425     0.1       -8.122     22.9      3.3       DENDD      0
   427      426     0.15      -8.575     22.9      3.1       DENDD      0
   428      158     0.25      -1.419     17.13     3.85      DENDP      0
   429      428     0.05      -1.809     17.43     3.8       DENDP      0
   430      429     0.2       -2.194     17.51     3.5       DENDP      0
   431      155     0.15      -1.329     15.75     4.8       DENDP      0
   432      431     0.125     -0.781     15.69     4.65      DENDP      0
   433      432     0.15      -0.54      15.25     4.6       DENDP      0
   434      433     0.1       -0.365     15.05     4.2       DENDP      0
   435      434     0.05      -0.219     14.93     4.2       DENDP      0
   436      435     0.2471    -0.2255    14.76     4.17      DENDP      0
   437      436     0.125     -0.4565    14.64     4.15      DENDP      0
   438      437     0.1288    -0.7395    14.6      4         DENDP      0
   439       24     0.425     -1.378     12.18     6.4       DENDP      0
   440      439     0.425     -1.623     12.51     6.5       DENDP      0
   441      440     0.35      -2.006     12.74     6.5       DENDP      0
   442      441     0.25      -1.834     13.02     6.45      DENDP      0
   443      442     0.25      -1.57      13.29     6.5       DENDP      0
   444      443     0.175     -1.75      13.58     6.5       DENDP      0
   445      444     0.1       -1.929     13.89     6.5       DENDP      0
   446      445     0.15      -2.154     14        6.85      DENDD      0
   447      446     0.15      -2.077     13.96     7.1       DENDD      0
   448      447     0.15      -1.752     14.06     7.45      DENDD      0
   449      448     0.05      -1.604     14.01     7.6       DENDD      0
   450      449     0.1       -1.267     13.68     7.75      DENDD      0
   451      450     0.05      -1.082     13.4      8.1       DENDD      0
   452      451     0.1       -1.277     13.32     8.55      DENDD      0
   453      452     0.05      -1.485     13.31     9         DENDD      0
   454      453     0.1       -1.309     13.27     9.4       DENDD      0
   455      454     0.15      -1.182     13.1      9.85      DENDD      0
   456      455     0.1       -1.039     13.01     10.3      DENDD      0
   457      456     0.05      -0.7975    12.73     10.2      DENDD      0
   458      451     0.05      -1.08      13.39     8.1       DENDD      0
   459      458     0.15      -0.99      13.02     8.4       DENDD      0
   460      459     0.15      -0.9415    12.79     8.85      DENDD      0
   461      460     0.1       -0.7975    13.12     9.05      DENDD      0
   462      448     0.05      -1.817     14.16     7.75      DENDD      0
   463      462     0.1       -2.041     14.31     8.15      DENDD      0
   464      463     0.1       -2.304     14.34     8.55      DENDD      0
   465      464     0.1       -2.532     14.44     9         DENDD      0
   466      465     0.1       -2.704     14.52     9.25      DENDD      0
   467      466     0.05      -2.493     14.76     9.54      DENDD      0
   468      467     0.075     -2.121     14.84     9.71      DENDD      0
   469      468     0.1       -1.792     14.92     10.1      DENDD      0
   470      469     0.125     -1.89      14.92     10.6      DENDD      0
   471      470     0.125     -1.975     14.92     10.9      DENDD      0
   472      471     0.175     -2.06      14.92     11.3      DENDD      0
   473      472     0.125     -1.787     15.02     11.4      DENDD      0
   474      473     0.05      -1.496     15.07     11.2      DENDD      0
   475      446     0.15      -2.345     13.94     7         DENDD      0
   476      475     0.15      -2.606     13.79     7.4       DENDD      0
   477      476     0.05      -2.755     13.77     7.85      DENDD      0
   478      477     0.05      -2.792     13.52     8.25      DENDD      0
   479      441     0.3       -2.368     12.98     6.35      DENDP      0
   480      479     0.4       -2.724     13.19     6.3       DENDP      0
   481      480     0.4       -2.893     13.23     6.3       DENDP      0
   482      481     0.4       -3.236     13.59     6.3       DENDP      0
   483      482     0.35      -3.441     14.03     6.45      DENDP      0
   484      483     0.25      -3.455     14.35     6.65      DENDP      0
   485      484     0.55      -3.685     14.75     6.8       DENDP      0
   486      485     0.2       -4.002     15.12     6.9       DENDP      0
   487      486     0.25      -4.336     15.42     7.1       DENDP      0
   488      487     0.4       -4.52      15.78     7.4       DENDP      0
   489      488     0.3       -4.828     16.16     7.45      DENDP      0
   490      489     0.25      -5.177     16.52     7.45      DENDP      0
   491      490     0.25      -5.515     16.89     7.45      DENDP      0
   492      491     0.3       -5.805     17.29     7.5       DENDP      0
   493      492     0.25      -5.869     17.48     7.45      DENDP      0
   494      493     0.4       -6.012     17.91     7.45      DENDP      0
   495      494     0.275     -6.262     18.01     7.7       DENDP      0
   496      495     0.35      -6.498     17.96     7.6       DENDP      0
   497      496     0.25      -6.708     17.86     7.65      DENDP      0
   498      497     0.675     -6.934     17.73     7.7       DENDP      0
   499      498     0.675     -7.16      17.59     7.75      DENDP      0
   500      499     0.3841    -7.64      17.6      7.75      DENDP      0
   501      500     0.2       -8.102     17.55     7.85      DENDP      0
   502      501     0.15      -8.549     17.3      7.9       DENDD      0
   503      502     0.15      -8.895     16.94     7.9       DENDD      0
   504      503     0.25      -9.146     16.54     8.05      DENDD      0
   505      504     0.25      -9.392     16.13     8.2       DENDD      0
   506      505     0.2       -9.561     15.72     8.45      DENDD      0
   507      506     0.15      -9.564     15.67     8.5       DENDD      0
   508      507     0.175     -9.515     15.55     8.9       DENDD      0
   509      508     0.1       -9.444     15.67     9.4       DENDD      0
   510      509     0.15      -9.597     15.63     9.81      DENDD      0
   511      510     0.075     -9.79      15.32     10.1      DENDD      0
   512      499     0.4       -6.978     17.34     7.82      DENDP      0
   513      512     0.2       -6.845     17.18     7.9       DENDP      0
   514      513     0.15      -6.738     16.99     8.05      DENDD      0
   515      514     0.1       -6.823     16.85     8.35      DENDD      0
   516      515     0.2       -7.016     16.89     8.8       DENDD      0
   517      516     0.1       -6.949     17.03     9.2       DENDD      0
   518      517     0.1       -6.536     16.86     9.4       DENDD      0
   519      518     0.15      -6.346     16.59     9.75      DENDD      0
   520      519     0.1       -6.121     16.32     10.1      DENDD      0
   521      520     0.1       -5.713     16.23     10.3      DENDD      0
   522      521     0.15      -5.57      15.8      10.4      DENDD      0
   523      522     0.15      -5.584     15.32     10.4      DENDD      0
   524      512     0.2       -6.768     17.23     7.65      DENDP      0
   525      524     0.15      -6.77      16.8      7.5       DENDP      0
   526      525     0.125     -6.814     16.5      7.47      DENDP      0
   527      526     0.125     -6.68      16.18     7.45      DENDP      0
   528      494     0.65      -6.092     18.45     7.45      DENDP      0
   529      528     0.775     -6.067     18.92     7.45      DENDP      0
   530      529     0.75      -6.1       19.28     7.45      DENDP      0
   531      530     0.775     -6.169     19.55     7.45      DENDP      0
   532      531     0.575     -6.087     19.93     7.45      DENDP      0
   533      532     0.375     -5.691     20.24     7.25      DENDP      0
   534      533     0.175     -5.842     20.8      7.15      DENDP      0
   535      534     0.15      -6.229     21.02     7.1       DENDP      0
   536      535     0.1       -6.771     21.25     6.85      DENDP      0
   537      536     0.05      -7.179     21.5      6.85      DENDP      0
   538      483     0.1534    -3.686     14.03     6.75      DENDP      0
   539      538     0.1291    -3.973     14.07     7.15      DENDP      0
   540      539     0.08536   -4.098     14.06     7.15      DENDP      0
   541      540     0.15      -4.329     14.07     7.2       DENDP      0
   542      541     0.05      -4.812     14.11     7.25      DENDP      0
   543      542     0.15      -5.269     14.22     7.2       DENDP      0
   544      543     0.1       -5.611     14.28     7.5       DENDP      0
   545      544     0.1       -6.03      14.11     7.7       DENDP      0
   546      545     0.075     -6.398     14.08     7.85      DENDP      0
   547      546     0.15      -6.541     13.82     7.85      DENDP      0
   548      547     0.1648    -6.445     13.57     7.85      DENDD      0
   549      548     0.05      -6.37      13.46     7.45      DENDD      0
   550      549     0.15      -6.537     13.54     7.3       DENDD      0
   551      550     0.1       -6.619     13.78     6.9       DENDD      0
   552      551     0.2       -6.683     14.17     6.6       DENDD      0
   553      552     0.25      -6.601     14.56     6.45      DENDD      0
   554      553     0.25      -6.713     15.13     6.35      DENDD      0
   555      554     0.1405    -6.739     15.58     6.2       DENDD      0
   556      549     0.1       -5.952     13.28     7.35      DENDD      0
   557      556     0.1       -5.526     13.05     7.25      DENDD      0
   558      557     0.1       -5.178     12.69     7.3       DENDD      0
   559      558     0.05      -4.913     12.29     7.4       DENDD      0
   560      559     0.1       -4.587     11.93     7.45      DENDD      0
   561      480     0.1       -2.995     13.12     6.45      DENDP      0
   562      561     0.1       -3.279     12.8      6.7       DENDD      0
   563      562     0.1       -3.381     12.33     6.8       DENDD      0
   564      563     0.15      -3.336     12        7.15      DENDD      0
   565      564     0.05      -3.116     11.96     7.55      DENDD      0
   566      565     0.05      -2.856     12.04     8         DENDD      0
   567      566     0.1       -2.609     11.74     8.3       DENDD      0
   568      567     0.1       -2.238     11.54     8.5       DENDD      0
   569      568     0.15      -1.827     11.54     8.8       DENDD      0
   570      569     0.05      -1.401     11.57     9.05      DENDD      0
   571      570     0.1       -0.997     11.73     9.25      DENDD      0
   572      441     0.2       -2.193     12.75     6.5       DENDP      0
   573      572     0.1       -2.218     13.05     6.9       DENDP      0
   574      573     0.1       -2.302     13.12     7.2       DENDD      0
   575      574     0.1       -2.401     13.12     7.7       DENDD      0
   576      575     0.05      -2.456     13.11     8.2       DENDD      0
   577      576     0.05      -2.708     12.99     8.6       DENDD      0
   578      577     0.2       -2.697     12.52     8.65      DENDD      0
   579      578     0.15      -2.393     12.13     8.65      DENDD      0
   580      573     0.1       -2.393     13.12     7.05      DENDP      0
   581      580     0.25      -2.628     13.02     7.2       DENDP      0
   582      581     0.1       -3.004     12.72     7.15      DENDP      0
   583      582     0.1       -2.856     12.37     7.15      DENDD      0
   584      583     0.1       -2.393     12.33     7.05      DENDD      0
   585      580     0.1       -2.393     13.04     7.15      DENDP      0
   586      585     0.05      -2.478     12.62     7.15      DENDD      0
   587      586     0.15      -2.027     12.56     7.25      DENDD      0
   588      587     0.15      -1.645     12.74     7.5       DENDD      0
   589      588     0.05      -1.395     13.12     7.65      DENDD      0
   590      439     0.1       -1.807     11.78     6.8       DENDP      0
   591      590     0.125     -2.117     11.43     7.05      DENDD      0
   592      591     0.1557    -2.465     11.13     7.15      DENDD      0
   593      592     0.15      -2.937     10.94     7.2       DENDD      0
   594      593     0.15      -3.373     10.69     7.25      DENDD      0
   595      594     0.15      -3.806     10.45     7.25      DENDD      0
   596      595     0.05      -4.138     10.24     7.45      DENDD      0
   597       17     1.053     0.744      10.35     5.25      DENDP      0
   598      597     0.4       1.045      10.63     5.55      DENDP      0
   599      598     0.2986    1.349      10.95     5.8       DENDP      0
   600      599     0.1422    1.729      11.22     5.95      DENDP      0
   601      600     0.0818    1.975      11.39     6.2       DENDP      0
   602      601     0.1398    2.246      11.32     6.45      DENDP      0
   603      602     0.1       2.451      10.95     6.45      DENDP      0
   604       16     0.075     1.018      9.52      5.6       DENDP      0
   605      604     0.1       1.568      9.494     6.05      DENDP      0
   606      605     0.1037    1.743      9.656     6.1       DENDP      0
   607      606     0.125     1.97       9.851     6.4       DENDP      0
   608        0     3.892     0.075      -1.129    0.2       SOMA      0
   609      608     3.684     0.1005     -2.129    0.45      SOMA      0
   610      609     2.877     0.06       -2.954    0.675     SOMA      0
   611      610     1.673     0.0515     -4.544    1.12      SOMA      0
   612       76     0.25      -15.46     28.52     5.5       DENDP      0
   613      612     0.2       -15.9      28.67     5.65      DENDP      0
   614      613     0.1       -16.4      28.69     5.65      DENDP      0
   615      614     0.15      -16.87     28.75     5.5       DENDP      0
   616      615     0.15      -17.28     29.02     5.49      DENDP      0
   617      616     0.1511    -17.64     29.37     5.53      DENDP      0
   618      617     0.15      -17.99     29.73     5.4       DENDP      0
   619      618     0.425     -18.34     30.03     5.26      DENDP      0
   620      619     0.325     -18.62     30.44     5.1       DENDP      0
   621      620     0.3       -18.79     30.67     5.05      DENDP      0
   622      621     0.2       -19.05     30.77     5.07      DENDP      0
   623      622     0.1       -19.35     30.84     5.09      DENDP      0
   624      623     0.15      -19.46     31.1      5.13      DENDP      0
   625      624     0.223     -19.32     31.36     5.15      DENDP      0
   626      625     0.1582    -19.28     31.66     5.17      DENDP      0
   627      626     0.2       -18.92     31.95     5         DENDP      0
   628      627     0.1156    -18.62     32.31     4.65      DENDP      0
   629      628     0.2       -18.4      32.68     4.4       DENDP      0
   630      629     0.15      -18.27     33.09     4.15      DENDP      0
   631      630     0.1623    -18.02     33.51     4.11      DENDP      0
   632      631     0.1022    -17.67     33.82     3.92      DENDP      0
   633      632     0.1372    -17.28     34.01     3.67      DENDP      0
   634      633     0.15      -16.95     34.17     3.35      DENDP      0
   635      634     0.175     -16.75     34.38     3.02      DENDP      0
   636      635     0.2       -16.66     34.49     2.78      DENDP      0
   637      636     0.3       -16.38     34.51     2.45      DENDP      0
   638      637     0.1383    -15.97     34.22     2.5       DENDP      0
   639      638     0.08088   -15.78     34.08     2.5       DENDP      0
   640      386     0.05      -7.989     25.34     8.3       DENDD      0
   641      640     0.1       -8.127     25.76     8.55      DENDD      0
   642      641     0.1123    -8.111     26.29     8.7       DENDD      0
   643      642     0.15      -8.27      26.53     8.75      DENDD      0
   644      643     0.1565    -8.454     26.74     8.86      DENDD      0
   645      644     0.125     -8.493     26.96     8.73      DENDD      0
   646      645     0.125     -8.433     27.21     8.74      DENDD      0
   647      646     0.075     -8.254     27.64     8.75      DENDD      0
   648      647     0.25      -8.117     28.08     8.47      DENDD      0
   649      648     0.2044    -7.987     28.58     8.45      DENDD      0
   650      649     0.35      -7.801     28.95     8.45      DENDD      0
   651      650     0.1929    -7.989     29.43     8.45      DENDD      0
   652      146     0.15      -3.891     19.34     6.88      DENDP      0
   653      652     0.175     -3.699     19.29     6.88      DENDP      0
   654      653     0.06588   -3.483     19.18     6.88      DENDP      0
   655       51     0.1889    -9.052     20.95     6         DENDP      0
   656      655     0.3124    -8.789     21.13     6         DENDP      0
   657      656     0.15      -8.617     21.37     6.2       DENDP      0
   658      657     0.1031    -8.595     21.64     6.25      DENDP      0
   659      101     0.3375    -13.5      20.92     7.62      DENDD      0
   660      659     0.35      -13.83     20.91     7.8       DENDD      0
   661      660     0.3       -14.09     21.01     7.95      DENDD      0
   662      661     0.3       -14.34     21.14     8.3       DENDD      0
   663      662     0.5       -14.52     21.28     8.15      DENDD      0
   664      663     0.55      -14.72     21.35     7.95      DENDD      0
   665      664     0.525     -14.89     21.42     8.15      DENDD      0
   666      665     0.1       -15.26     21.51     8         DENDD      0
   667      663     0.1       -14.31     21.65     8.3       DENDD      0
   668      667     0.1       -13.99     21.96     8.35      DENDD      0
   669      668     0.1       -13.61     22.17     8.45      DENDD      0
   670      669     0.08689   -13.44     22.29     8.5       DENDD      0
   671      662     0.05      -14.5      21.1      8.5       DENDD      0
   672      671     0.1       -14.62     20.93     8.8       DENDD      0
   673      672     0.125     -14.66     20.75     8.95      DENDD      0
   674      673     0.2       -14.8      20.61     9.29      DENDD      0
   675      674     0.25      -14.92     20.72     9.32      DENDD      0
   676      675     0.15      -14.9      20.95     9.1       DENDD      0
   677      676     0.1276    -14.61     21.03     9.75      DENDD      0
   678      677     0.1239    -14.59     21.38     9.85      DENDD      0
   679      676     0.15      -14.99     21.04     9.45      DENDD      0
   680      679     0.1       -15.28     21.03     9.55      DENDD      0
   681      680     0.2041    -15.59     20.87     9.65      DENDD      0
   682      681     0.03575   -15.73     20.76     9.65      DENDD      0
   683      605     0.225     1.576      9.177     6.2       DENDP      0
   684      514     0.15      -6.596     16.73     8.05      DENDD      0
   685      684     0.1       -6.58      16.25     7.95      DENDD      0
   686      685     0.2       -6.551     15.79     8.05      DENDD      0
   687      686     0.125     -6.58      15.32     8.4       DENDD      0
   688      687     0.15      -6.699     15.01     8.45      DENDD      0
   689      506     0.2       -9.577     15.63     8.45      DENDD      0
   690      689     0.15      -9.672     15.2      8.7       DENDD      0
   691      690     0.2       -9.767     14.83     9         DENDD      0
   692      691     0.1332    -9.868     14.51     9.38      DENDD      0
   693      692     0.175     -9.782     14.4      9.56      DENDD      0
   694      693     0.125     -9.695     14.56     9.71      DENDD      0
   695      694     0.15      -9.739     14.68     9.98      DENDD      0
   696      695     0.1       -9.771     14.5      10.2      DENDD      0
   697      637     0.275     -16.44     34.6      2.07      DENDP      0
   698      697     0.1       -16.48     35.04     1.67      DENDP      0
   699      698     0.25      -16.26     35.25     1.3       DENDP      0
   700      699     0.2309    -16.13     35.36     1.21      DENDP      0
   701      700     0.3874    -16.09     35.47     1.11      DENDP      0
   702      701     0.2929    -16.09     35.64     0.893     DENDP      0
   703      702     0.1       -15.95     35.94     1.17      DENDP      0
   704      703     0.15      -16.17     36.24     1.3       DENDP      0
   705      704     0.1004    -16.29     36.64     1.48      DENDP      0
   706      705     0.09664   -16.62     36.99     1.65      DENDP      0
   707      706     0.125     -16.92     37.38     1.75      DENDP      0
   708      707     0.09972   -17.19     37.68     2         DENDP      0
   709      708     0.2191    -17.26     38.06     2.16      DENDP      0
   710      709     0.55      -17.34     38.25     2.31      DENDP      0
   711      710     0.2       -17.4      38.18     2.85      DENDP      0
   712      711     0.15      -17.57     38.05     3.3       DENDP      0
   713      712     0.1       -17.78     38.05     3.75      DENDP      0
   714      713     0.15      -17.9      38.05     4.25      DENDP      0
   715      714     0.15      -17.78     38.05     4.75      DENDP      0
   716      715     0.1       -17.86     38.02     5.2       DENDP      0
   717      716     0.05      -18        37.89     5.65      DENDP      0
   718      717     0.15      -18.15     37.65     6.1       DENDP      0
   719      718     0.2       -18.28     37.38     6.45      DENDP      0
   720      719     0.1636    -18.28     37.59     6.64      DENDP      0
   721      720     0.1106    -18.28     37.84     6.88      DENDP      0
   722      719     0.15      -18.35     37.06     6.85      DENDP      0
   723      722     0.15      -18.14     36.88     7.22      DENDP      0
   724      723     0.25      -18.12     36.62     7.4       DENDP      0
   725      724     0.3       -18.38     36.36     7.55      DENDP      0
   726      725     0.55      -18.55     36.04     7.9       DENDP      0
   727      726     0.65      -18.84     35.78     8.16      DENDP      0
   728      727     0.625     -19.18     35.45     8.65      DENDP      0
   729      728     0.6       -19.58     35.32     8.75      DENDP      0
   730      729     0.525     -19.84     35.16     8.85      DENDP      0
   731      730     0.075     -20.01     34.97     8.95      DENDP      0
   732      731     0.15      -20.18     34.73     9.05      DENDP      0
   733      732     0.225     -20.26     34.32     9.07      DENDP      0
   734      733     0.2055    -20.52     34.07     9.11      DENDP      0
   735      734     0.1138    -20.81     33.85     9.05      DENDP      0
   736      735     0.125     -20.86     33.45     9         DENDP      0
   737      736     0.1       -21.21     33.15     8.95      DENDP      0
   738      737     0.1       -21.44     32.97     8.89      DENDP      0
   739      738     0.125     -21.44     32.91     9.11      DENDP      0
   740      739     0.15      -21.69     32.86     9.27      DENDP      0
   741      738     0.08811   -21.93     33.06     8.62      DENDP      0
   742      741     0.075     -22.07     32.93     8.72      DENDP      0
   743      742     0.1       -22.17     32.72     8.75      DENDP      0
   744      702     0.2257    -16.19     35.74     0.647     DENDP      0
   745      744     0.155     -16.19     35.87     0.465     DENDP      0
   746      745     0         -16.19     35.91     0.337     DENDP      0
   747      323     0.1       5.471      30.16     5.3       DENDD      0
   748      747     0.15      5.092      30.31     5.62      DENDD      0
   749      748     0.08813   4.777      30.41     5.84      DENDD      0
   750      749     0.3413    4.634      30.41     6.13      DENDD      0
   751      750     0.3       4.49       30.3      6.36      DENDD      0
   752      751     0.1       4.341      30.21     6.65      DENDD      0
   753      752     0.1       4.191      30.33     6.83      DENDD      0
   754      753     0.1877    3.989      30.65     7         DENDD      0
   755      754     0.15      3.595      30.97     6.95      DENDD      0
   756      755     0.15      3.233      31.01     7.3       DENDD      0
   757      756     0.1       2.985      30.89     7.7       DENDD      0
   758      757     0.125     2.886      30.93     8.17      DENDD      0
   759      758     0.1       2.673      30.87     8.66      DENDD      0
   760      759     0.1       2.6        30.68     9.12      DENDD      0
   761      760     0.1       2.625      30.27     9.45      DENDD      0
   762      761     0.2444    2.758      29.88     9.7       DENDD      0
   763      762     0.2       2.991      29.58     9.94      DENDD      0
   764      763     0.06328   2.936      29.42     10.1      DENDD      0
   765      754     0.08592   4.005      30.7      7.2       DENDD      0
   766      765     0.125     3.972      30.48     7.32      DENDD      0
   767      766     0.15      3.39       30.27     7.45      DENDD      0
   768      767     0.15      3.44       30.28     7.71      DENDD      0
   769      768     0.1       3.44       30.29     7.91      DENDD      0
   770      314     0.125     2.819      29.6      4.6       DENDD      0
   771      770     0.05      2.819      29.73     4.78      DENDP      0
   772      289     0.1439    -2.365     37.62     2.91      DENDD      0
   773      220     0.1502    -4.141     38.15     0.125     DENDP      0
   774      374     0.35      -7.798     25.24     5.3       DENDD      0
   775      774     0.336     -7.577     25.69     5.39      DENDD      0
   776      775     0.15      -7.577     26.18     5.42      DENDD      0
   777      434     0.175     -0.1825    15.41     4.45      DENDP      0
   778      777     0.1       -0.0535    15.63     4.45      DENDP      0
   779      294     0.15      -3.714     37.9      4.8       DENDD      0
   780      779     0.1       -3.607     37.63     4.91      DENDD      0
   781      780     0.05      -3.5       37.32     5.1       DENDD      0
   782      781     0.1554    -3.865     37.2      5.55      DENDD      0
   783      782     0.1       -3.896     36.86     5.88      DENDD      0
   784      783     0.2651    -3.906     36.66     6.28      DENDD      0
   785      784     0.08072   -3.589     36.72     6.6       DENDD      0
   786      785     0.1611    -3.589     36.8      6.85      DENDD      0
   787      786     0.125     -3.439     36.98     6.61      DENDD      0
   788      787     0.1539    -3.589     37.28     6.46      DENDD      0
   789       86     0.1326    -17.21     27.02     6.75      DENDD      0
   790      789     0.1102    -17.49     27.17     6.45      DENDD      0
   791      790     0.125     -17.76     27.19     6.45      DENDD      0
   792      791     0.125     -18.06     27.2      6.45      DENDD      0
   793      792     0.1291    -18.39     27.22     6.45      DENDD      0
   794      793     0.125     -18.7      27.49     6.45      DENDD      0
   795      794     0.1       -18.98     27.64     6.45      DENDD      0
   796      795     0.125     -19.13     27.83     6.35      DENDD      0
   797      796     0.125     -19.13     28.21     5.9       DENDD      0
   798       87     0.2       -17.68     26.46     6.95      DENDD      0
   799      798     0.1117    -17.98     26.53     6.95      DENDD      0
   800      799     0.15      -18.17     26.98     6.85      DENDD      0
   801      800     0.1       -18.18     27.37     6.8       DENDD      0
   802      801     0.1       -18.52     27.49     6.85      DENDD      0
   803      802     0.1       -18.73     27.6      6.85      DENDD      0
   804      803     0.1       -18.81     27.73     7.1       DENDD      0
   805      804     0.1       -18.56     27.88     7.1       DENDD      0
   806      805     0.1172    -18.31     27.87     7.05      DENDD      0
   807      804     0.1018    -18.89     27.51     7.35      DENDD      0
   808      807     0.1036    -19.12     27.58     7.4       DENDD      0
   809      808     0.1073    -19.46     27.75     7.41      DENDD      0
   810      809     0.15      -19.92     27.69     7.7       DENDD      0
   811      810     0.1       -20.15     27.72     8.15      DENDD      0
   812      811     0.1       -20.27     27.84     8.6       DENDP      0
   813      812     0.1       -20.45     27.86     9.05      DENDD      0
   814      813     0.05      -20.24     27.77     9.5       DENDD      0
   815      814     0.05      -20.2      27.47     9.85      DENDD      0
   816      815     0.08812   -20.74     27.28     10.1      DENDD      0
   817      816     0.1       -20.74     27.61     10.3      DENDD      0
   818      815     0.1087    -20.15     27.79     10.1      DENDD      0
   819      818     0.1337    -20.2      28.13     10.1      DENDD      0
   820      695     0.05      -9.539     14.91     9.9       DENDD      0
   821      112     0.09688   -11.69     23.05     7.22      DENDD      0
   822      821     0.1009    -11.64     22.84     7.05      DENDD      0
   823      822     0.1284    -11.49     22.86     6.77      DENDD      0
